300 -26.670944 -33.171555 10.652878
301 -19.872009 -43.327297 2.441071
302 -20.640961 -44.241566 3.725418
303 -29.978149 -46.700768 10.710281
304 -26.088303 -45.903145 7.057755
305 -24.714386 -35.080936 3.606674
306 -25.165329 -33.138947 2.918655
307 -26.103745 -33.173615 9.230095
308 4.221222 -20.929787 5.549454
309 -26.183548 -33.261879 10.891113
310 -24.448608 -27.247330 9.652954
311 -22.090591 -16.763458 10.503593
312 -15.541252 -31.020432 7.589973
313 -13.779022 -32.633362 10.871933
314 -7.243805 -32.543686 9.360046
317 1.997833 -17.206619 6.030731
329 17.192322 -20.708076 9.883781
330 17.039497 -30.504318 8.953468
331 7.775208 -18.749359 10.239578
332 37.825775 -25.339638 4.197510
333 21.554398 -34.517708 7.020386
334 20.101707 -29.158432 7.205498
335 19.824417 -32.947914 8.083862
336 23.058731 -26.739609 4.558441
337 23.312164 -40.162319 7.913956
338 21.862175 -34.584061 5.792999
339 19.353859 -27.835449 3.809944
340 26.212532 -30.626053 3.262413
341 17.500946 -24.954353 7.559937
342 29.735184 -30.823517 11.021057
343 52.373428 -26.054459 8.652397
344 54.143066 -20.187218 11.571877
345 21.848282 -21.607407 8.844131
346 -1.072372 -6.878609 14.697372
347 12.469009 -12.240822 9.999001
348 29.867188 -13.384552 6.813309
349 7.606110 -13.465752 12.470413
350 -3.323418 -16.095734 14.379547
351 9.856567 -14.817604 12.464218
352 -2.629913 -13.873062 15.094551
353 5.416855 -14.690292 14.732269
354 -7.820465 -11.083710 23.525322
355 -3.792381 -5.134132 21.396767
356 3.473625 -6.315292 15.283058
357 -13.357254 -1.977837 12.203384
358 -14.208374 -6.040405 15.821251
359 -4.352921 -14.082352 8.926186
360 -9.354332 -11.575562 9.383034
361 -2.504265 -15.316200 6.478775
362 -8.033195 -12.017578 7.015114
363 -2.184929 -13.674332 7.109406
364 -11.846550 -9.383820 6.132736
365 -10.900116 -17.434006 8.089142
366 -14.647705 -8.347588 4.634766
367 -15.701019 -10.382309 2.162956
368 -15.849998 -4.080246 0.068573
369 -19.420883 -1.536163 3.855057
370 -17.734238 -5.029366 0.472015
371 -26.997177 5.692383 -4.602554
372 -25.473557 4.005783 -3.522171
373 -25.453316 2.077774 -3.960968
374 -22.780533 3.798958 -0.184418
375 -22.023254 5.136040 -0.966034
376 -24.046005 4.366226 -0.892799
377 -10.444077 -6.684692 3.543213
378 -32.074417 0.295929 0.655151
379 -4.664818 -4.149330 1.220276
380 -7.547012 -13.566360 6.973389
381 11.754250 -15.045578 10.632271
382 2.747910 -20.438492 7.036583
383 37.629822 -29.644386 3.058914
384 22.619843 -27.882004 2.842712
385 48.761566 -21.343834 -5.044785
386 32.368652 -22.369438 -6.279404
387 6.242416 -23.810699 3.480606
388 36.244873 -19.471832 -5.429260
389 29.789459 -16.573654 -3.249680
390 39.196548 -24.078133 -5.744156
391 32.874283 -25.456467 -5.523041
392 -20.088753 -26.721420 7.514351
393 33.327698 -32.461006 -7.044037
394 18.280746 -20.567444 0.799667
395 22.905823 -22.807785 2.782700
396 46.641235 -27.810951 -7.453377
397 -10.544136 -24.306396 13.809097
398 33.484863 -31.322479 -1.589066
399 34.119446 -22.747696 -0.449799
400 49.225372 -30.465485 -9.462334
401 -4.137405 -27.251801 10.281715
402 20.784775 -27.098213 -1.694389
403 17.441711 -26.054443 1.527802
405 9.722839 -20.078079 4.628471
407 68.033813 -25.788963 -13.142776
408 66.611618 -25.236504 -16.381607
409 62.529846 -27.580795 -18.421005
410 62.192413 -27.650429 -21.901451
411 23.304405 -17.766991 -0.251610
413 29.650940 -19.424614 -6.351303
414 -3.320229 -22.064087 11.811676
415 7.086777 -19.975410 8.594254
416 22.011154 -16.585938 -1.351227
417 22.809174 -19.851868 -2.920555
418 44.421234 -16.068542 -7.991112
419 18.394318 -13.120735 -3.801636
420 1.429916 -28.554886 8.557091
421 -15.175217 -20.922218 19.360336
422 -24.724396 -28.872864 26.394928
423 -18.462418 -36.724365 25.591904
424 -23.906929 -26.734863 28.191147
425 -30.040398 -22.612213 28.226868
426 -19.279602 -31.974731 25.126877
427 -25.357742 -22.023987 24.535034
428 -22.152351 -29.363510 26.898628
429 -13.960564 -19.903076 13.911316
430 -8.567009 -29.572357 15.360168
431 -12.193611 -25.555779 19.318565
432 -15.697578 -26.485245 16.480438
433 -15.489517 -27.529572 17.049347
434 -16.287720 -27.877594 17.579292
435 -15.238770 -21.787537 17.077606
436 8.420868 -19.918350 0.349060
437 -9.039612 -21.650757 7.154434
438 1.889351 -24.459351 5.260094
439 0.001259 -22.918251 7.895279
440 0.460785 -21.191147 7.473541
441 -0.406250 -24.701218 3.479485
442 1.334213 -23.932190 3.539108
443 -6.717010 -23.861000 8.789314
444 -3.454056 -29.299263 7.834061
445 -12.914642 -27.839973 11.314850
446 -17.560013 -17.093269 14.480553
447 -15.265289 -26.186768 12.628670
448 -15.313881 -20.927689 12.664536
449 -14.059067 -17.139519 6.775864
450 -10.035858 -17.777817 9.300461
451 -18.765625 -21.244797 12.629128
452 -16.167900 -18.287979 6.180252
453 -18.268906 -19.143822 6.380371
454 -17.546021 -17.638046 5.943810
455 -13.916504 -18.282318 6.225830
456 -16.256439 -13.352768 6.172974
457 -13.636070 -10.097313 4.016022
458 -24.258530 -14.675903 5.428230
459 -24.573395 -6.605087 4.968613
460 -22.884552 -11.939766 2.910118
461 -22.882622 -12.026733 2.706329
462 -25.115280 -8.825523 0.121284
463 -20.746307 -15.882874 4.648438
464 -16.114517 -16.788879 2.350708
466 -16.216125 -6.977234 5.918091
470 -17.175186 -23.129272 4.743881
471 -22.822174 -12.488914 5.936325
472 -8.811584 -19.808243 6.577118
473 -14.374985 -16.731659 6.439407
474 -14.650658 -19.378036 5.422943
475 -22.095444 -13.333893 2.884033
476 -24.576706 -11.827728 3.856735
477 -23.437782 -14.581161 6.141327
478 -26.406334 -7.362122 0.469696
479 -27.445351 -8.498398 2.372429
480 -24.872482 -10.434448 2.891251
481 -24.351715 -10.419701 3.693787
482 -26.297531 -17.202805 2.433624
483 -28.090042 -25.787636 3.828918
484 -29.133438 -25.294350 2.513565
484 67.419983 -11.415726 7.158249
485 -29.566391 -18.659203 4.176880
486 -3.138588 -23.362885 4.812302
487 -30.840714 -24.340881 3.870972
488 -28.559746 -22.112320 2.929840
489 -24.771317 -17.143394 -0.475594
490 -27.383255 -16.960434 2.398560
491 -27.602318 -13.326263 3.471878
492 -14.967300 -19.376297 5.680130
493 -31.169434 -13.978058 1.837280
494 -12.738503 -19.618744 4.969131
495 -11.636917 -19.487381 6.295143
496 -26.201317 -17.855873 4.230453
497 -24.873123 -19.271049 3.356209
498 -25.829353 -17.971588 3.388298
499 -23.741386 -20.338432 5.116150
500 -18.940445 -29.544662 10.353653
506 -3.595711 -19.004501 0.527000
508 -15.400040 -13.722176 1.233368
509 -12.231064 -9.645691 0.518097
510 -14.642578 -12.255936 3.162643
512 -8.260658 -15.557358 1.517441
513 -6.239349 -19.408188 -0.499329
514 -17.857948 -12.562241 0.351456
515 -12.684891 -11.360657 -1.795303
516 -15.139450 -14.983246 0.299484
517 -17.908661 -14.651459 3.711021
522 -20.507965 -8.527145 2.241776
523 -23.359428 -6.469757 5.229187
524 -22.480652 -5.072189 4.370880
525 -23.441689 -15.536987 1.114273
526 -20.559036 -5.186600 5.265945
527 -29.366257 -6.083275 3.755280
528 -29.202614 1.361435 3.202774
529 -25.696159 -5.084503 0.822586
530 -31.191559 -0.670647 1.216904
531 -12.189255 -12.845657 3.723419
532 -31.979996 -1.814461 2.759308
532 -25.100319 -27.929283 33.997314
533 -18.098717 -1.084946 2.123451
534 -21.428490 -2.140755 0.710289
535 -21.785156 -7.922478 4.597595
536 -24.702362 -10.628616 -1.125870
537 -19.252090 -15.782730 2.260460
538 -21.646339 -8.944199 -1.619064
539 -21.486298 -13.821976 0.663651
540 -16.847435 -12.096436 2.233818
541 -31.167297 -10.488396 -1.105225
542 -22.075211 -12.045090 2.265152
543 -36.031281 -16.293747 -2.035423
544 -10.256592 -17.276764 1.728622
545 -18.761169 -12.920250 3.416199
546 -1.024643 -19.273056 -1.452232
547 -20.528511 -21.331146 5.554688
548 -13.656990 -25.922752 4.233673
549 -31.836075 -15.269073 -0.298080
550 -5.094757 -23.816956 1.700302
551 -1.846046 -25.889496 1.940918
552 -17.555161 -23.588989 5.683525
553 -34.693153 -21.828049 -0.314667
554 -31.038506 -18.739975 7.190201
555 -36.245075 -14.288223 2.171188
556 -22.347488 -13.202698 6.259247
557 -15.272537 -20.088959 6.129074
558 -11.302818 -20.990257 6.980827
559 -35.203365 -22.188599 2.423515
560 -21.396713 -16.971680 7.076553
561 -26.349213 -16.544319 7.041069
562 -36.021111 -17.400772 3.868134
563 -36.494019 -20.670319 2.344734
564 -41.915829 -22.415451 15.247559
565 -34.865135 -26.234138 6.093170
566 -32.818382 -19.510216 4.440201
567 -18.844742 -20.534744 9.832970
568 -34.745102 -15.924637 4.870392
569 -33.115555 -19.486328 2.878494
570 -30.989838 -24.045929 4.621010
571 -28.355957 -19.097458 2.654877
572 -30.085762 -22.030014 6.327332
573 -31.852386 -17.487885 6.041077
574 -24.585876 -26.576714 14.661026
575 -23.929504 -21.053284 8.621590
576 -35.837753 -11.866631 9.414398
577 -48.746464 -10.079681 6.833771
578 -27.711319 -12.859001 8.327820
579 -38.229607 -12.472023 12.315697
580 -37.690598 -8.105553 7.105453
581 -34.912659 -4.193848 10.436394
582 -35.139137 -7.519005 11.410110
583 -33.883774 -3.442810 9.993057
584 -31.044647 -9.970108 12.937683
585 -29.673363 -3.310333 8.010422
586 -26.439674 -5.328415 6.490677
587 -20.003021 -8.574547 10.174911
588 -34.883957 -10.547539 13.511147
589 -27.282730 -14.348053 12.340790
590 -32.604683 -9.090607 11.026154
591 -35.481434 -8.301781 10.111664
592 -41.676281 -14.865990 16.180008
593 -37.000557 -11.538269 11.067696
594 -51.558327 -11.151527 12.966042
595 -32.299820 -8.748001 10.685013
596 -38.046730 -14.480362 15.906898
597 -33.589996 -12.662155 10.518127
598 -48.409721 -14.027321 17.367279
599 -28.960236 -11.875778 14.273254
600 -30.122383 -9.915276 12.920593
601 -23.478760 -4.233856 12.589439
602 -29.479149 -5.752556 6.548767
603 -21.996124 -10.666191 11.973587
604 -36.976078 -2.507675 6.237915
605 -21.478333 -17.465088 10.670723
606 -24.136711 -15.518837 9.766731
607 -24.359909 -25.861565 7.093529
608 -29.894653 -31.250618 6.416702
609 -15.444374 -21.108864 6.749611
610 -15.865410 -18.575531 8.063667
611 -11.988152 -18.416107 5.803001
612 -13.240356 -25.841377 7.387924
613 -16.372086 -21.336792 7.777428
614 -16.661453 -21.885345 8.752716
615 -14.534187 -28.419037 6.774124
616 -21.353333 -24.242416 7.139282
617 -19.933830 -27.344040 7.610825
618 -14.876610 -33.166740 5.186905
619 -18.449463 -29.427704 7.815056
620 -16.825226 -29.453323 7.017822
621 -13.479378 -32.478500 7.114655
622 -19.024399 -26.611740 8.996643
623 -17.665802 -30.522430 9.500084
624 -14.886551 -21.776764 7.260239
625 -20.433426 -27.195213 9.259209
626 -15.942337 -20.261124 7.676132
627 -20.139046 -19.779175 8.977272
628 -18.898590 -22.324081 6.619705
629 -15.061005 -24.264023 6.880806
630 -20.342087 -15.649139 8.068611
631 -20.156502 -11.663635 6.722031
632 -19.084381 -11.778229 5.592567
633 -25.416435 -9.707909 3.670258
634 -20.184830 -7.947083 1.764587
635 -13.596664 -8.722908 2.828293
636 -16.206940 -8.045410 3.232246
637 -30.099411 -7.997009 6.081047
638 -34.093117 -9.390594 7.877998
639 -32.278976 -9.896042 10.831512
640 -42.562454 -12.456436 9.690926
641 -48.695812 -18.169724 18.588020
642 -57.330639 -16.395142 20.879677
643 -50.159889 -16.432213 21.425926
644 -29.679245 -13.731644 16.707321
645 -32.835678 -17.159927 17.808975
646 -55.268539 -20.829048 23.092361
647 -57.099136 -22.480339 24.411873
648 -20.080521 -21.657394 14.531799
649 -51.786720 -22.772446 20.679794
650 17.244530 -16.477890 -1.144821
650 -13.949585 -32.721260 5.817741
651 32.750793 -22.200447 -2.098892
652 26.322441 -20.689240 -3.986572
653 54.943909 -18.027725 -12.247025
654 34.854324 -13.784439 -6.476128
655 54.202652 -18.484840 -3.166504
656 68.027435 -22.192986 -8.421844
657 62.760101 -19.322205 -10.521523
658 -0.539551 -24.657791 17.979149
659 11.235924 -36.161385 12.726402
660 -7.206039 -22.599045 9.923965
661 -28.659515 -21.895111 21.883873
662 18.175522 -27.164581 8.330215
663 1.118042 -31.224258 15.620842
664 -24.673462 -20.174721 19.773010
665 -1.160400 -26.304665 18.005196
666 -18.573875 -18.344719 17.072891
667 41.066742 -22.407425 -7.543922
668 40.186371 -24.414360 -3.785736
669 -2.162636 -17.259262 10.875870
670 60.792343 -23.177963 -8.748566
671 51.591675 -25.331795 -3.871796
671 -20.178833 -33.576126 7.046417
672 40.011063 -25.614243 -1.355576
673 31.742508 -24.569572 1.911713
674 34.370117 -27.054413 -2.093994
675 20.603226 -28.225777 4.512207
676 20.344101 -27.224052 7.744537
677 23.153687 -26.968864 3.161057
678 5.949806 -29.925880 10.262581
679 23.141624 -34.236336 2.180817
680 22.242966 -27.300308 3.633408
680 -22.212936 -31.513474 10.204102
681 31.992783 -21.740463 -0.884048
681 -16.710777 -33.221634 10.315865
682 24.050751 -28.674095 4.745422
682 -20.009422 -32.768143 9.312195
683 18.431717 -33.947281 6.457138
683 -22.330025 -31.493729 9.350830
684 37.207733 -27.332748 -3.438568
684 -20.890778 -33.530060 8.253540
685 19.398376 -32.416824 4.577530
685 -21.235443 -33.158463 7.887985
686 32.453339 -25.718048 -3.873253
687 48.740906 -28.567375 -10.694618
687 -14.798088 -34.897408 10.695480
688 37.363815 -15.067520 -2.322784
689 18.995819 -30.151962 0.733368
690 -9.404877 -38.160881 13.752411
691 -12.980789 -37.200172 13.615585
692 24.870529 -29.779556 3.581726
692 -11.016556 -31.812599 10.186829
693 50.860291 -31.592117 4.462990
694 15.140099 -34.487152 12.682411
694 -13.698700 -36.580410 13.899010
695 37.980911 -29.266365 1.972733
695 -14.627457 -36.054848 13.092430
696 19.868546 -36.314610 9.883835
697 9.822525 -43.212265 9.723877
698 32.148178 -41.167625 6.888489
701 18.117218 -37.407043 6.057434
702 0.159653 -42.277187 3.171661
702 -5.919800 -38.477795 7.220886
705 -22.853241 -33.385895 11.353683
706 -21.617470 -34.677765 10.886444
707 -9.632599 -35.610294 9.241745
708 5.944977 -36.543697 8.664207
710 -3.799072 -35.159470 6.955238
711 -7.181290 -33.425873 6.219795
715 -11.036911 -32.943687 10.496040
716 -10.792862 -31.513771 8.164856
717 -12.666664 -36.549465 11.270554
720 15.194481 -46.684593 6.944077
721 20.807312 -42.449993 5.823761
722 35.626801 -42.848499 5.049614
723 28.642853 -38.761642 8.807808
723 -18.113739 -30.868256 10.986404
724 13.218048 -37.198357 11.806854
724 -14.614326 -31.710670 11.333290
725 42.146118 -38.228622 -3.474274
726 15.233337 -37.663158 3.391205
727 9.052460 -33.906380 2.037392
728 -18.737839 -36.990543 17.546242
729 5.141556 -35.002407 8.199203
730 -0.104851 -35.528175 7.046700
731 -18.088875 -38.499390 18.952667
732 17.466339 -35.421646 2.214088
733 4.307007 -33.076607 5.217247
734 -26.137283 -33.517746 17.451691
735 -19.078400 -31.127930 16.942719
736 8.998741 -34.454407 5.549484
737 18.120667 -33.568832 0.317032
738 -23.276871 -34.430176 17.606705
739 -3.679031 -33.952866 9.050156
740 -24.295914 -34.409378 17.708679
741 14.712547 -37.901928 2.991096
742 -17.716240 -32.625458 14.791374
743 -25.695168 -30.248734 20.374168
744 -37.600632 -30.771469 25.069016
745 -40.699997 -33.200478 24.639450
746 -37.475143 -32.328560 24.372734
747 -28.676613 -36.415588 23.188446
748 -5.461380 -35.765625 16.148056
749 -11.362122 -32.085167 14.788628
750 -18.524155 -36.121136 23.206123
751 -30.045013 -30.342484 28.463852
752 -16.053520 -37.524536 19.733398
753 25.853004 -35.293350 0.204697
754 29.679337 -31.770126 -3.870216
755 33.455521 -30.451447 -7.985443
756 32.081909 -37.127129 -1.900269
757 55.600189 -38.108856 -3.487083
758 50.979355 -28.151901 -5.255150
759 44.059494 -33.519218 -3.113174
760 33.068878 -32.240326 -2.789955
761 31.074402 -36.790421 -0.913544
762 32.173370 -35.228210 -3.046021
763 40.798004 -33.376816 -1.862640
764 47.280548 -30.759094 -3.851608
765 39.706619 -33.360626 -4.001198
766 43.013931 -31.911285 -6.197754
767 36.342834 -32.607422 -6.485382
768 36.417969 -26.056252 -7.272217
769 43.405609 -33.188660 -1.366402
770 13.745605 -32.740341 1.525970
771 36.448578 -33.220963 -7.080688
772 42.041275 -30.795250 -8.381424
773 38.290298 -29.627876 -7.085632
774 35.201324 -32.730484 -5.160484
775 38.079941 -26.882263 -7.351990
776 36.601349 -32.864853 -5.987770
777 36.298492 -32.169693 -5.827667
778 29.738190 -31.803741 -5.449463
779 39.254456 -30.559868 -8.987846
780 30.164688 -29.981071 -5.167618
781 34.827942 -29.827309 -5.405952
782 33.266037 -36.580170 0.094002
783 26.749359 -27.337921 -5.903549
784 24.972816 -25.907715 -4.897591
785 25.795029 -30.097374 -4.110519
786 38.385101 -33.097267 -5.040344
787 25.696060 -25.447975 -5.175072
788 4.075790 -38.588058 -5.543404
789 11.711273 -31.322052 -9.174858
790 44.278717 -38.115932 -7.813950
791 6.586304 -22.209167 -8.366348
792 45.425720 -33.248131 -6.018097
793 6.372650 -24.535728 -12.091949
793 14.416557 -31.130989 21.474670
794 42.623901 -38.233376 -6.259911
794 12.239845 -36.852379 26.649719
795 58.219513 -35.529816 -9.938210
795 8.718216 -32.677017 23.998238
796 65.499146 -33.279701 -13.192009
796 15.397598 -30.932213 21.463501
798 55.888596 -25.726837 -11.946625
799 57.788055 -24.329109 -11.044945
800 63.636444 -28.834549 -13.074387
801 51.664490 -32.586411 -5.267265
802 49.056015 -27.411102 -6.884453
803 54.220886 -31.143257 -1.788681
977 44.017609 -32.694038 3.198280
978 38.738892 -30.136543 2.843399
979 44.557648 -26.758179 3.281250
1035 39.168121 -15.501137 0.963303
1040 58.047226 -29.158722 -0.578018
1043 48.888382 -24.546562 -4.224495
1044 66.838196 -31.431076 -0.907265
1045 25.353119 -14.238602 0.102745
1046 46.212753 -21.576927 -5.745132
1047 37.994324 -23.027321 -0.971352
1048 44.740128 -30.417259 0.281868
1049 -2.733734 -6.912506 -5.729935
1050 26.437881 -13.912659 -0.070953
1051 33.365234 -26.135925 -6.014442
1052 45.845154 -30.643806 -9.471886
1054 48.399048 -27.365562 -9.351303
1055 39.425674 -17.864418 1.485092
1056 42.086365 -21.872513 1.688019
1057 40.026886 -22.107849 3.664330
1058 33.666962 -22.398682 2.404289
1059 21.991997 -19.134003 2.552216
1060 55.375992 -24.775497 0.175896
1061 42.175781 -22.866341 -7.087692
1069 53.115906 -12.553360 -5.486725
1074 26.929077 -8.472488 5.036568
1075 10.149376 -10.063599 5.847336
1076 20.822273 -21.564445 10.749481
1077 69.302643 -21.046143 2.816223
1083 37.846649 -14.903366 -7.192108
1085 33.650909 -10.823219 -0.687401
1091 61.738724 -27.929855 -7.426056
1092 56.840698 -23.240723 -1.525566
1094 57.634491 -24.594994 -5.515884
1197 -23.965141 2.892334 -10.138016
1198 -12.387642 -3.675949 -7.946930
1200 -28.381943 -1.067810 -12.965515
1282 19.116692 -33.360214 4.058968
1286 50.058350 -22.759941 8.832001
1289 37.180954 -25.433388 8.920532
1290 28.733719 -22.967636 13.869347
1291 33.746857 -24.853447 13.339783
1292 38.629044 -25.037079 13.534721
1293 27.560852 -18.034027 14.088112
1295 25.235779 -18.660728 6.759140
1296 35.433823 -12.431747 0.962311
1297 28.176407 -13.034149 3.126968
1298 35.553711 -17.740479 3.053253
1299 42.687683 -29.986877 6.907562
1300 37.194885 -10.534271 -2.441498
1301 37.136719 -11.931396 0.466988
1302 37.247284 -24.203125 2.206718
1303 29.444550 -7.554489 -0.552338
1304 40.894470 -24.743423 5.218964
1305 33.036972 -9.998886 -0.970291
1306 33.683533 5.731903 1.029945
1307 27.972290 5.950714 -2.184654
1308 30.673889 -3.810394 0.988701
1309 31.326019 6.973480 0.400909
1310 31.076157 9.418053 0.568474
1311 35.645325 6.217316 2.521774
1312 35.369888 3.175484 4.365616
1313 27.687515 6.593834 -1.831032
1314 29.899963 3.459518 2.654938
1315 23.453751 3.732307 -0.884964
1316 25.776657 5.736626 -2.366844
1317 25.045097 4.012436 0.412651
1318 29.379318 6.315834 1.544357
1319 23.804367 4.877563 2.181870
1320 23.947372 7.260773 2.272461
1321 19.198578 1.206871 4.721214
1322 22.341171 3.642357 6.415527
1323 21.929245 1.063568 7.350128
1324 14.548859 -3.258217 10.053436
1325 19.286087 3.650185 6.878105
1326 22.654739 3.405090 0.389938
1327 19.439598 1.827324 4.862457
1328 18.916260 2.751343 1.122368
1329 6.134140 1.460518 16.812973
1330 21.161545 -0.564682 14.017410
1331 -38.680790 -9.457138 23.810349
1332 -7.825470 9.023758 27.689499
1333 -24.783478 2.896225 13.476135
1334 3.559830 9.507545 12.057373
1335 -7.835129 7.129562 8.579704
1336 -2.382584 2.367599 5.385101
1337 -7.128708 1.677589 4.435570
1338 -4.907425 3.729919 0.983902
1339 -2.861191 4.544014 -0.590851
1340 -3.440727 4.654358 -1.885254
1341 -3.715607 3.900482 -3.064423
1342 -3.880501 5.244576 -3.758560
1343 -6.579506 5.116287 -2.678444
1344 -4.397400 4.731720 -2.338120
1345 -10.423767 4.014282 -4.119308
1346 -6.321075 3.568726 -3.561539
1347 -8.362076 4.582832 -4.144424
1348 -8.434875 4.533852 -4.171997
1349 -15.841904 2.325638 -5.340469
1350 -11.974022 3.732697 -3.377670
1351 -11.950745 3.853027 -3.415894
1352 -10.349693 3.708771 -4.042389
1353 -9.701553 4.555504 -2.340477
1353 -7.066826 -47.344791 15.696899
1354 -11.656082 5.692963 -4.769211
1355 -21.151550 2.390305 -4.051773
1356 -18.905373 2.078133 -5.370041
1357 -27.791397 4.606705 0.869522
1358 -42.034618 -0.863388 7.561432
1359 -14.298988 3.150558 7.943008
1369 77.809601 -14.085556 -8.765823
1370 37.949326 -22.385483 -2.854477
1371 47.419647 -20.749374 -3.157867
1372 23.520515 -25.241196 2.796204
1373 -72.669861 -31.584770 27.877853
1374 24.723740 -24.809341 3.901367
1375 56.860809 -24.262398 -2.053185
1376 -40.461555 -28.769775 23.644882
1377 -49.943871 -26.693222 25.224197
1379 39.231964 -26.341675 10.756470
1380 55.340271 -23.352707 8.693405
1381 36.480194 -21.864182 10.390289
1382 16.811394 -21.883850 12.427460
1383 55.131561 -24.811729 9.495682
1386 42.493774 -26.627243 4.967468
1389 2.305878 -20.082672 -0.429405
1390 21.433159 -8.474594 8.856743
1391 9.387428 -19.646088 13.702133
1391 -54.853085 -4.232468 -29.767647
1392 -48.393276 -4.513901 -30.877106
1392 26.160301 -18.162811 8.687149
1393 28.451385 -17.718262 11.400192
1393 -27.203583 -12.425705 -33.299515
1394 25.394104 -2.593094 2.382950
1394 -36.485985 -0.863411 -32.569412
1395 30.450409 -5.877380 6.361130
1395 -23.699364 -1.112434 -25.243271
1396 -23.248924 -2.260513 -25.011047
1396 10.375885 -6.456085 12.385849
1397 -24.570862 -6.815834 -27.350937
1397 21.106018 0.461403 0.940018
1398 -24.997833 -8.000214 -29.079193
1398 22.655937 -2.466675 -0.241776
1399 -21.247070 -6.762619 -27.770729
1399 -1.413139 -25.346985 9.349892
1400 -28.449158 -5.603912 -31.871262
1400 13.970467 -39.158508 7.420692
1401 -46.734650 7.323669 -29.021736
1402 -61.111076 9.709625 -32.697823
1403 -42.553093 -6.425308 -34.615143
1404 -64.354874 4.640274 -33.546661
1405 -46.769051 1.389847 -33.986473
1406 -38.313663 7.704788 -32.495941
1407 -23.421181 5.793983 -25.178398
1408 -33.123215 9.257065 -29.019699
1409 -28.304817 5.587906 -25.731209
1410 -26.474731 7.814964 -26.805725
1411 -27.610611 10.803314 -28.540939
1412 -32.359749 11.153961 -30.081459
1413 -44.615032 12.693764 -35.499542
1414 -38.663212 9.784355 -34.165909
1415 -31.082764 5.412117 -29.321808
1416 -43.708202 10.149834 -32.791580
1417 -36.825405 6.688820 -31.231644
1418 -36.943672 6.414856 -33.475273
1419 -49.075001 3.900818 -37.313610
1420 -53.005833 5.945641 -38.464497
1421 -52.279778 7.695465 -40.014671
1422 -61.685539 10.501030 -42.681297
1423 -62.697220 15.296799 -43.384331
1424 -62.558266 17.440094 -42.164486
1425 -64.572006 19.952843 -42.132614
1426 -64.168892 14.498543 -41.262039
1427 -59.459053 14.234268 -39.702454
1428 -63.441528 14.583183 -40.776268
1429 -62.820065 11.234772 -38.429977
1430 -64.833923 10.556534 -38.700859
1431 -62.445717 9.899529 -39.959198
1432 -59.211258 9.896927 -38.626591
1433 -68.737534 16.182190 -41.780308
1433 9.242935 -0.336502 15.386749
1434 -65.730988 14.951630 -40.308128
1434 -11.700974 4.014313 13.447243
1435 -68.930168 15.949150 -40.596748
1435 -40.641609 8.513260 20.148033
1436 -56.246262 9.855492 -39.915749
1436 -24.074966 3.992615 1.162491
1437 -22.972549 7.216339 -5.831764
1437 -53.756878 5.464798 -38.018921
1438 -11.313843 14.012581 -8.879547
1438 -56.864342 4.989029 -37.741161
1439 -11.983009 13.550217 -5.846573
1439 -70.173576 10.373581 -37.773090
1439 36.957809 -39.665810 4.302338
1440 -3.900017 14.199982 -5.342804
1440 -69.236633 8.281921 -36.383919
1440 27.619560 -30.990067 8.183365
1441 -20.771332 13.955856 -12.168701
1441 -66.661339 8.149994 -37.460209
1441 25.591461 -27.251060 5.281662
1442 -20.298706 15.580505 -13.778175
1442 -67.662018 9.518715 -38.610329
1442 27.764801 -27.184944 9.294235
1443 -14.691345 14.783386 -9.485840
1443 -69.213951 11.567368 -38.936291
1443 28.831490 -29.394455 11.678864
1444 -11.198883 17.128860 -14.817513
1444 -64.678757 -1.464508 -34.252953
1444 28.457855 -25.541710 12.237099
1445 -10.254440 13.596153 -14.604637
1445 -45.202812 5.938385 -34.219276
1446 -15.284012 12.036095 -15.393692
1446 -65.139206 -1.039154 -34.448799
1447 -22.672363 10.735947 -16.153915
1447 -64.047302 -1.164139 -34.442841
1447 44.235107 -23.806824 4.524124
1448 -26.764633 10.774475 -14.444916
1448 -49.360302 -4.638824 -35.275681
1449 -22.016113 7.933411 -16.345062
1449 -59.843040 -1.139511 -35.068771
1449 49.145462 -23.216072 5.398529
1450 -26.580421 9.337692 -11.421341
1450 -47.231621 -1.945404 -33.548370
1451 -16.922035 8.757568 -15.093948
1451 -34.741287 -4.040749 -33.088867
1452 -4.682388 6.539169 -13.165070
1452 -32.321823 -1.732384 -31.844269
1453 2.235825 3.278389 -6.881020
1453 -44.295216 -7.238365 -30.129044
1453 48.965836 -23.043335 -0.150269
1454 10.828186 2.288841 -12.287766
1454 -27.466438 -9.595840 -32.417747
1454 42.751984 -26.627045 1.469856
1455 2.399162 3.136261 -10.908600
1455 -19.952255 -11.043320 -31.174934
1455 43.812683 -24.017761 0.521095
1456 9.662323 7.087540 -11.357643
1456 -18.333565 -10.525711 -29.648117
1456 39.909424 -30.894775 3.559494
1457 10.455856 7.766296 -13.014221
1458 9.470184 4.371460 -12.468033
1459 11.663956 -0.284523 -14.117142
1460 10.468254 0.950478 -14.230331
1461 10.276337 0.224236 -13.832985
1462 14.254150 -3.259918 -13.072632
1463 8.869057 2.100746 -11.673683
1464 12.937393 -4.183632 -14.538231
1465 14.654800 -0.354599 -14.634354
1466 12.847595 1.977127 -13.003586
1467 17.269653 -1.633728 -12.944298
1468 11.153641 3.922989 -11.567207
1469 10.951508 5.527695 -13.642418
1470 7.445847 2.901901 -8.540802
1471 9.946541 6.739304 -10.050911
1472 13.335320 0.809441 -9.398163
1473 10.827133 3.080910 -7.466187
1474 7.950058 4.096298 -6.970764
1475 12.908226 2.253860 -7.350525
1476 9.516556 2.608719 -8.223251
1477 10.895554 7.849258 -9.168686
1478 8.510628 7.053177 -9.294182
1479 1.584564 6.710243 -6.069344
1480 -7.069450 9.600792 -5.975266
1481 38.531677 8.046204 1.093567
1481 38.620270 -23.285156 -1.599312
1494 12.496063 -22.317490 23.279182
1578 65.886307 -21.100273 -7.194000
1581 76.125031 -21.298569 -20.619438
1582 75.261948 -22.309349 -19.394287
1583 76.509247 -21.320229 -20.514793
1584 81.546173 -24.006874 -20.437531
1585 75.064667 -19.408562 -18.098846
1586 79.369720 -18.817215 -23.108215
1587 76.760956 -19.587029 -19.244736
1600 2.382172 -6.316925 17.092667
1601 -9.856461 -3.986496 20.351654
1602 -3.570053 -2.769653 20.237091
1603 5.143547 -1.539391 17.432373
1604 -16.144180 -18.507057 12.869720
1605 -11.342361 -25.961761 16.186180
1606 -3.370728 -1.130234 17.606522
1607 22.708672 -11.604317 7.467545
1608 -11.722122 -21.164879 12.841171
1609 -11.153801 -23.629700 11.778610
1610 -13.369705 -21.292419 12.151001
1612 -10.832092 -31.605850 16.191071
1613 10.822281 -8.892212 13.127472
1614 -2.675491 -2.156265 17.346680
1615 -10.999939 -26.437988 16.122620
1616 -10.187622 -26.963600 14.639763
1617 8.147644 -5.999771 14.664368
1618 -12.544624 -26.876465 14.905151
1619 -11.064423 -25.033066 16.311241
1620 12.291870 -6.624596 18.874832
1621 -6.513062 -27.589005 15.190186
1622 -11.239349 -28.202522 15.822853
1624 -8.614273 -28.779221 14.365829
1625 -6.012451 -25.484093 18.770805
1626 12.651672 -5.011299 11.596138
1627 -10.171486 -31.591614 13.874657
1628 -2.386780 -32.601944 12.057968
1629 9.284706 -30.195381 8.167664
1630 -2.621750 -33.075684 12.762131
1631 1.448158 -30.958588 12.360443
1632 3.210640 -28.548378 12.036575
1633 9.185638 -30.845154 8.504700
1634 6.774673 -28.329147 8.828270
1635 12.129044 -32.828270 8.067787
1636 20.788948 -13.133667 7.272446
1637 7.182472 -26.471413 9.025291
1638 4.713196 -26.467682 7.460655
1639 9.661812 -30.486725 7.207100
1640 -6.918144 -22.149475 12.022293
1641 -9.733337 -26.774582 11.365417
1642 -10.670906 -27.132904 12.906265
1643 -7.519485 -30.067863 12.290085
1644 -5.073997 -28.244247 12.355469
1645 -8.205902 -32.140396 11.834358
1646 -6.343735 -33.116562 13.643440
1647 7.020309 -40.659107 9.051155
1648 4.849754 -39.082687 8.097313
1649 -0.733505 -38.447582 10.443558
1650 -5.629150 -39.140060 10.975891
1651 -63.653309 1.071823 -14.951767
1651 -7.247520 -20.252914 9.624466
1652 -65.870903 4.622894 -17.965576
1653 -61.087379 5.624222 -24.187889
1654 -84.065880 3.479218 -14.135727
1655 -86.972351 5.413170 -16.752304
1655 -9.848297 -15.429306 9.735779
1656 -86.133209 4.217972 -18.066559
1657 -85.440834 1.512703 -18.305183
1658 -87.692490 4.749092 -12.726753
1659 -87.394775 0.238846 -6.298660
1660 -86.688812 2.192566 -8.886993
1661 -85.390060 -2.972794 -2.830994
1662 -75.928711 -4.168442 -4.645393
1663 -58.432793 -2.824516 -9.102364
1664 -27.316566 -4.669792 -2.948387
1665 -22.788681 -1.350204 -9.917435
1667 -51.849987 -9.082870 -16.106262
1919 40.273743 -45.890854 9.586334
1920 44.257843 -47.673409 9.053490
1921 50.121552 -48.780312 1.998413
1922 40.730103 -48.261681 10.880020
1923 50.339630 -43.376801 -1.388596
1924 60.409912 -44.388321 2.752945
1925 58.148712 -43.496368 -6.011414
1926 73.414597 -36.920952 -10.882591
1927 59.568481 -39.179176 -2.444824
1928 62.082184 -39.252491 -9.509247
1929 58.509369 -39.120018 -6.010513
1930 55.433380 -36.152447 -3.317108
1931 56.811081 -34.978134 -3.043236
1932 57.906738 -33.937347 -7.520798
1933 66.398773 -33.687492 -11.202820
1934 66.591202 -32.113892 -11.977173
1935 78.551620 -31.046867 -13.875671
1936 71.165909 -27.180565 -9.834122
1937 60.885468 -31.855240 -8.331406
1938 71.729797 -27.581802 -21.159294
1939 72.218491 -27.993774 -19.215218
1940 75.896973 -27.801949 -13.078842
1941 76.383316 -22.588120 -9.888626
1942 72.584518 -24.808113 -10.092606
2222 61.321259 4.939972 2.220581
2232 6.427856 -6.474197 1.577545
2237 -4.291695 0.595757 -5.747391
2239 4.135002 -5.723480 -1.870674
2240 6.603088 -0.223732 -9.981277
2241 -10.598557 7.403618 -5.975540
2242 7.849686 -3.887985 -9.204826
2243 38.628967 -8.812622 -7.014038
2244 23.176964 -6.065720 0.092773
2245 -4.286972 2.391632 -2.945641
2246 -1.503967 -2.522049 -3.910049
2247 4.828598 -8.760696 0.618256
2248 -4.919022 -8.152672 3.789024
2249 46.282196 -11.885681 -7.318970
2250 -10.345352 -5.172501 1.961472
2251 2.048172 -8.098282 1.735313
2252 55.445648 -8.208633 -11.107391
2253 9.211418 -5.314728 4.887909
2254 4.115524 -10.427658 12.823654
2255 -6.184212 -13.150909 16.266426
2256 -1.254341 -7.193420 10.268356
2257 0.418625 -8.125435 6.433578
2258 13.633186 -8.325203 1.111015
2259 -0.270927 -3.225815 0.848511
2260 7.872803 -1.035538 -5.390465
2261 29.247803 -4.590057 -12.006180
2262 60.336395 -17.727112 -12.697258
2263 29.622070 -14.211525 -9.550423
2264 60.976074 -16.573036 -19.706024
